N: 1000
D: 5
K: 4

Seed: 1446052920
Iterations: 50
alpha: 1.0
time: 6.8294799
BIC score: 12665.539936817944
log max posterior: -6194.6148628293295
MAP assignments: [3 2 3 2 1 1 1 3 3 1 0 3 3 3 2 2 1 2 1 1 1 2 2 2 3 3 2 1 3 3 1 2 1 3 2 2 1
 3 1 3 1 3 1 1 3 3 2 0 3 1 3 2 1 3 2 2 3 3 1 3 3 3 1 2 2 0 3 1 2 1 1 1 1 1
 1 1 2 1 3 1 2 1 1 1 3 1 1 3 3 0 2 2 3 3 2 2 1 2 3 2 2 2 1 1 3 2 3 2 2 2 1
 2 1 2 2 1 1 1 1 1 1 1 1 2 1 1 2 2 3 2 1 2 1 3 1 1 1 0 2 2 1 2 3 3 2 2 3 1
 1 3 1 1 2 0 2 1 3 3 2 3 2 3 2 2 2 3 2 2 1 3 3 2 1 3 1 3 3 0 2 3 3 2 1 0 3
 2 3 3 2 3 2 3 2 0 3 2 3 2 3 2 1 1 2 3 1 1 1 2 0 0 1 3 2 1 1 3 3 3 2 3 2 0
 1 1 1 1 2 2 2 2 3 2 0 2 2 3 3 2 3 1 1 2 3 1 2 1 2 3 1 2 3 0 1 1 1 1 2 1 2
 2 2 1 1 3 2 3 2 1 3 1 1 2 3 1 2 3 1 2 2 3 1 1 3 1 2 1 1 2 2 1 3 1 1 1 3 3
 1 2 2 1 3 3 2 1 3 2 2 2 1 2 1 1 1 1 3 1 3 1 1 2 2 3 2 2 3 0 3 2 1 2 3 3 2
 2 2 2 3 2 1 3 2 3 1 2 2 3 2 2 2 2 3 2 2 2 3 2 2 2 3 2 3 1 1 2 1 3 3 1 0 0
 3 2 2 2 3 3 1 1 3 3 3 3 1 2 1 1 3 2 2 2 2 1 3 2 3 3 0 3 1 3 3 3 2 3 3 0 3
 0 1 1 3 2 1 3 2 3 1 2 2 1 3 2 0 0 2 2 2 1 3 2 1 1 1 1 1 1 3 2 1 2 1 2 2 1
 1 1 2 2 1 2 2 2 1 0 2 0 2 3 1 1 3 3 3 1 1 3 0 1 2 2 2 1 3 1 3 3 2 2 3 3 2
 3 2 1 1 2 2 3 2 1 3 1 1 3 2 3 2 2 2 1 3 2 1 1 0 1 1 3 1 2 2 3 2 1 2 2 3 1
 2 3 1 0 3 3 2 2 3 1 2 3 2 1 3 0 2 3 3 1 2 0 2 1 1 2 2 0 1 2 1 1 2 3 2 3 3
 0 3 3 3 2 1 3 3 1 1 3 2 2 3 3 2 3 3 3 3 1 1 2 1 2 2 3 2 1 2 2 0 2 3 1 2 0
 0 3 1 3 1 3 3 0 2 3 3 1 1 1 1 3 0 1 3 1 3 3 3 1 3 2 3 3 3 1 2 1 2 0 0 1 2
 3 1 3 1 1 3 3 0 1 1 2 1 1 1 3 3 2 3 2 1 1 3 2 1 1 2 0 3 1 2 2 2 2 1 1 0 2
 1 0 3 0 1 3 3 3 2 3 1 2 2 2 3 1 2 1 1 2 3 1 3 3 2 2 3 3 1 2 1 2 3 2 2 3 2
 1 2 1 1 1 1 2 1 1 2 2 1 2 2 2 1 2 1 2 1 1 1 2 1 1 3 3 1 2 1 3 2 1 2 1 2 1
 2 2 3 3 1 0 3 0 1 1 0 2 3 2 2 3 2 1 1 1 2 0 1 2 2 3 0 2 3 3 2 1 2 3 2 2 1
 3 2 1 1 3 2 1 1 1 3 2 1 1 2 2 2 1 1 0 1 0 1 2 3 2 3 0 3 2 2 1 1 2 0 1 2 3
 1 1 3 0 3 1 3 2 3 3 1 2 1 2 1 3 1 3 3 3 2 2 2 1 2 3 2 1 2 2 2 1 1 1 1 2 3
 1 3 3 1 3 1 2 2 3 0 2 3 0 3 0 2 0 1 3 3 1 2 3 1 1 0 2 2 1 2 2 2 1 1 2 3 3
 0 1 3 1 3 2 1 0 2 1 3 2 1 0 1 1 3 2 3 3 3 2 2 2 0 0 0 1 1 1 2 1 1 1 1 1 1
 1 1 3 3 3 1 3 3 2 1 2 2 1 0 2 1 3 1 2 2 3 2 2 2 1 2 1 2 1 1 2 3 1 1 3 3 2
 2 1 2 0 3 0 2 1 0 2 3 1 0 1 2 0 2 3 3 1 0 2 1 1 3 2 2 3 3 1 2 1 3 1 1 1 3
 3]
Last iteration assignments: [3 2 3 2 1 1 1 3 3 1 0 3 3 3 2 2 1 2 1 1 1 2 2 2 3 3 2 1 3 3 1 2 1 3 2 2 1
 3 1 3 1 3 1 1 3 3 2 0 3 1 3 2 1 3 2 2 3 3 1 3 3 3 1 2 2 0 3 1 2 1 1 1 1 1
 1 1 2 1 3 1 2 1 1 1 3 1 1 3 3 0 2 2 3 3 2 2 1 2 3 2 2 2 1 1 3 2 3 2 2 2 1
 2 1 2 2 1 1 1 1 1 1 1 1 2 1 1 2 2 3 2 1 2 1 3 1 1 1 0 2 2 1 2 3 3 2 2 3 1
 1 3 1 1 2 0 2 1 3 3 2 3 2 3 2 2 2 3 2 2 1 3 3 2 1 3 1 3 3 0 2 3 3 2 1 0 3
 2 3 3 2 3 2 3 2 0 3 2 3 2 3 2 1 1 2 3 1 1 1 2 0 0 1 3 2 1 1 3 3 3 2 3 2 0
 1 1 1 1 2 2 2 2 3 2 0 2 2 3 3 2 3 1 1 2 3 1 2 1 2 3 1 2 3 0 1 1 1 1 2 1 2
 2 2 1 1 3 2 3 2 1 3 1 1 2 3 1 2 3 1 2 2 3 1 1 3 1 2 1 1 2 2 1 3 1 1 1 3 3
 1 2 2 1 3 3 2 1 3 2 2 2 1 2 1 1 1 1 3 1 3 1 1 2 2 3 2 2 3 0 3 2 1 2 3 3 2
 2 2 2 3 2 1 3 2 3 1 2 2 3 2 2 2 2 3 2 2 2 3 2 2 2 3 2 3 1 1 2 1 3 3 1 0 0
 3 2 2 2 3 3 1 1 3 3 3 3 1 2 1 1 3 2 2 2 2 1 3 2 3 3 0 3 1 3 3 3 2 3 3 0 3
 0 1 1 3 2 1 3 2 3 1 2 2 1 3 2 0 0 2 2 2 1 3 2 1 1 1 1 1 1 3 2 1 2 1 2 2 1
 1 1 2 2 1 2 2 2 1 0 2 0 2 3 1 1 3 3 3 1 1 3 0 1 2 2 2 1 3 1 3 3 2 2 3 3 2
 3 2 1 1 2 2 3 2 1 3 1 1 3 2 3 2 2 2 1 3 2 1 1 0 1 1 3 1 2 2 3 2 1 2 2 3 1
 2 3 1 0 3 3 2 2 3 1 2 3 2 1 3 0 2 3 3 1 2 0 2 1 1 2 2 0 1 2 1 1 2 3 2 3 3
 0 3 3 3 2 1 3 3 1 1 3 2 2 3 3 2 3 3 3 3 1 1 2 1 2 2 3 2 1 2 2 0 2 3 1 2 0
 0 3 1 3 1 3 3 0 2 3 3 1 1 1 1 3 0 1 3 1 3 3 3 1 3 2 3 3 3 1 2 1 2 0 0 1 2
 3 1 3 1 1 3 3 0 1 1 2 1 1 1 3 3 2 3 2 1 1 3 2 1 1 2 0 3 1 2 2 2 2 1 1 0 2
 1 0 3 0 1 3 3 3 2 3 1 2 2 2 3 1 2 1 1 2 3 1 3 3 2 2 3 3 1 2 1 2 3 2 2 3 2
 1 2 1 1 1 1 2 1 1 2 2 1 2 2 2 1 2 1 2 1 1 1 2 1 1 3 3 1 2 1 3 2 1 2 1 2 1
 2 2 3 3 1 0 3 0 1 1 0 2 3 2 2 3 2 1 1 1 2 0 1 2 2 3 0 2 3 3 2 1 2 3 2 2 1
 3 2 1 1 3 2 1 1 1 3 2 1 1 2 2 2 1 1 0 1 0 1 2 3 2 3 0 3 2 2 1 1 2 0 1 2 3
 1 1 3 0 3 1 3 2 3 3 1 2 1 2 1 3 1 3 3 3 2 2 2 1 2 3 2 1 2 2 2 1 1 1 1 2 3
 1 3 3 1 3 1 2 2 3 0 2 3 0 3 0 2 0 1 3 3 1 2 3 1 1 0 2 2 1 2 2 2 1 1 2 3 3
 0 1 3 1 3 2 1 0 2 1 3 2 1 0 1 1 3 2 3 3 3 2 2 2 0 0 0 1 1 1 2 1 1 1 1 1 1
 1 1 3 3 3 1 3 3 2 1 2 2 1 0 2 1 3 1 2 2 3 2 2 2 1 2 1 2 1 1 2 3 1 1 3 3 2
 2 1 2 0 3 0 2 1 0 2 3 1 0 1 2 0 2 3 3 1 0 2 1 1 3 2 2 3 3 1 2 1 3 1 1 1 3
 3]
m_0:0.000000000000000000e+00
0.000000000000000000e+00
0.000000000000000000e+00
0.000000000000000000e+00
0.000000000000000000e+00
k_0: 0.03
v_0: 8
S_0:2.399999999999999911e+00
2.399999999999999911e+00
2.399999999999999911e+00
2.399999999999999911e+00
2.399999999999999911e+00
