N: 1000
gD: 4
cD: 4
K: 6

Seed: 9706918
Iterations: 50
alpha: 1.0
time: 28.1571188
BIC score: 1993.7343195721803
log max posterior: -301.5625544420542
MAP assignments: [5 3 5 5 4 5 5 4 4 5 5 4 5 3 3 3 5 4 5 4 3 5 5 5 5 3 1 5 3 5 5 5 3 3 3 3 3
 3 4 5 5 4 3 5 3 5 4 3 5 5 5 5 5 5 0 5 5 4 5 1 3 3 4 5 5 3 5 3 3 4 5 3 3 3
 5 3 3 3 5 3 5 3 3 5 0 4 5 4 5 3 4 3 3 4 3 5 5 5 3 3 3 3 3 3 5 3 3 3 3 4 3
 3 4 3 4 5 3 3 3 4 4 3 4 3 4 3 5 5 5 5 3 5 3 3 5 3 3 4 5 4 5 3 3 5 3 4 5 4
 3 5 5 3 3 3 3 4 3 3 3 5 3 5 5 5 4 3 5 3 3 5 5 3 5 5 4 3 3 3 3 4 3 4 3 4 3
 4 3 3 3 5 3 4 5 4 3 3 5 3 3 3 5 1 3 1 5 3 3 4 0 5 4 3 3 5 5 5 5 0 5 5 2 0
 3 5 3 5 5 5 5 4 5 5 3 3 5 3 5 3 3 4 5 3 4 3 3 3 5 3 5 3 3 0 5 3 5 3 5 5 5
 3 5 3 5 3 3 3 5 5 5 3 3 5 5 3 0 3 5 5 3 5 5 0 5 3 3 3 5 3 4 5 5 4 4 4 3 0
 3 3 3 3 5 4 5 5 3 5 3 3 3 4 4 3 5 4 5 5 3 3 3 4 4 1 3 3 5 1 5 3 4 3 3 3 3
 5 4 4 3 3 3 5 5 3 3 5 4 5 5 4 3 5 3 3 4 5 3 4 3 3 4 5 3 5 5 1 4 3 3 5 5 3
 5 5 5 3 5 4 3 3 5 2 3 3 4 5 5 5 3 5 5 5 3 5 5 3 3 5 3 5 3 5 3 4 5 0 3 3 3
 1 3 3 3 3 3 5 5 5 3 5 5 4 3 5 3 4 3 3 5 4 3 3 5 3 3 5 4 3 3 3 0 3 3 3 1 5
 3 3 3 3 3 5 3 5 5 5 4 3 3 5 5 4 3 3 5 4 4 3 0 3 4 5 3 3 3 3 3 3 3 5 5 3 3
 4 4 0 4 5 3 5 3 0 3 5 5 5 3 5 0 3 4 4 5 3 3 3 4 5 4 3 5 4 3 3 5 3 1 3 5 3
 5 3 0 3 4 3 5 0 5 5 5 3 4 3 4 3 5 5 4 3 3 5 3 5 4 5 3 5 3 5 3 5 5 3 3 3 4
 5 3 3 4 3 3 3 1 3 3 1 5 5 3 3 3 4 3 3 5 5 3 3 3 4 4 5 3 5 3 3 5 5 5 5 3 5
 4 3 5 5 3 5 3 3 5 5 3 1 3 4 5 3 0 5 5 3 5 4 5 3 3 5 4 3 5 0 3 5 5 3 5 4 3
 5 5 5 5 0 5 5 3 5 3 3 4 5 5 4 5 5 5 3 3 3 3 3 3 3 3 3 5 3 3 3 5 5 4 5 0 5
 5 3 5 5 3 3 4 4 4 3 0 5 3 5 5 3 3 4 3 5 4 3 5 4 5 5 4 3 5 5 3 3 4 3 5 3 3
 5 5 3 3 5 4 5 5 5 3 3 3 3 5 0 3 4 3 5 3 5 3 5 4 4 3 3 5 4 5 4 3 3 0 4 3 5
 3 4 5 5 5 3 3 3 3 3 3 3 3 3 5 3 5 0 4 5 3 3 5 5 3 5 3 3 4 5 3 4 5 0 3 5 3
 4 3 3 3 3 3 5 5 3 5 4 3 4 5 4 1 1 3 3 5 4 5 3 5 5 5 3 3 5 3 5 5 5 5 5 5 5
 4 3 3 3 4 3 4 3 4 4 3 3 3 5 3 3 5 5 3 4 3 3 5 4 5 5 4 5 3 5 3 3 1 5 3 4 5
 5 5 5 5 3 3 3 3 1 5 4 3 3 3 3 3 5 3 5 5 3 5 3 4 5 5 3 3 3 3 5 3 5 5 3 3 3
 4 3 5 5 5 3 5 5 4 5 3 5 3 5 3 3 5 3 3 5 5 5 0 3 3 3 1 4 5 5 3 5 5 5 3 3 5
 3 5 3 3 3 0 0 5 3 3 4 3 3 3 5 3 3 3 3 5 3 3 5 4 1 5 3 3 3 3 3 5 3 5 4 3 3
 4 5 3 5 5 1 3 3 5 3 1 5 3 3 5 3 5 3 5 5 4 5 3 5 3 4 3 3 3 5 5 4 3 3 5 3 5
 5]
Last iteration assignments: [5 3 5 5 4 5 5 4 4 5 5 4 5 3 3 3 5 4 5 4 3 5 5 5 5 3 1 5 3 5 5 5 3 3 3 3 3
 3 4 5 5 4 3 5 3 5 4 3 5 5 5 5 5 5 0 5 5 4 5 1 3 3 4 5 5 3 5 3 3 4 5 3 3 3
 5 3 3 3 5 3 5 3 3 5 0 4 5 4 5 3 4 3 3 4 3 5 5 5 3 3 3 3 3 3 5 3 3 3 3 4 3
 3 4 3 4 5 3 3 3 4 4 3 4 3 4 3 5 5 5 5 3 5 3 3 5 3 3 4 5 4 5 3 3 5 3 4 5 4
 3 5 5 3 3 3 3 4 3 3 3 5 3 5 5 5 4 3 5 3 3 5 5 3 5 5 4 3 3 3 3 4 3 4 3 4 3
 4 3 3 3 5 3 4 5 4 3 3 5 3 3 3 5 1 3 1 5 3 3 4 0 5 4 3 3 5 5 5 5 0 5 5 2 0
 3 5 3 5 5 5 5 4 5 5 3 3 5 3 5 3 3 4 5 3 4 3 3 3 5 3 5 3 3 0 5 3 5 3 5 5 5
 3 5 3 5 3 3 3 5 5 5 3 3 5 5 3 0 3 5 5 3 5 5 0 5 3 3 3 5 3 4 5 5 4 4 4 3 0
 3 3 3 3 5 4 5 5 3 5 3 3 3 4 4 3 5 4 5 5 3 3 3 4 4 1 3 3 5 1 5 3 4 3 3 3 3
 5 4 4 3 3 3 5 5 3 3 5 4 5 5 4 3 5 3 3 4 5 3 4 3 3 4 5 3 5 5 1 4 3 3 5 5 3
 5 5 5 3 5 4 3 3 5 2 3 3 4 5 5 5 3 5 5 5 3 5 5 3 3 5 3 5 3 5 3 4 5 0 3 3 3
 1 3 3 3 3 3 5 5 5 3 5 5 4 3 5 3 4 3 3 5 4 3 3 5 3 3 5 4 3 3 3 0 3 3 3 1 5
 3 3 3 3 3 5 3 5 5 5 4 3 3 5 5 4 3 3 5 4 4 3 0 3 4 5 3 3 3 3 3 3 3 5 5 3 3
 4 4 0 4 5 3 5 3 0 3 5 5 5 3 5 0 3 4 4 5 3 3 3 4 5 4 3 5 4 3 3 5 3 1 3 5 3
 5 3 0 3 4 3 5 0 5 5 5 3 4 3 4 3 5 5 4 3 3 5 3 5 4 5 3 5 3 5 3 5 5 3 3 3 4
 5 3 3 4 3 3 3 1 3 3 1 5 5 3 3 3 4 3 3 5 5 3 3 3 4 4 5 3 5 3 3 5 5 5 5 3 5
 4 3 5 5 3 5 3 3 5 5 3 1 3 4 5 3 0 5 5 3 5 4 5 3 3 5 4 3 5 0 3 5 5 3 5 4 3
 5 5 5 5 0 5 5 3 5 3 3 4 5 5 4 5 5 5 3 3 3 3 3 3 3 3 3 5 3 3 3 5 5 4 5 0 5
 5 3 5 5 3 3 4 4 4 3 0 5 3 5 5 3 3 4 3 5 4 3 5 4 5 5 4 3 5 5 3 3 4 3 5 3 3
 5 5 3 3 5 4 5 5 5 3 3 3 3 5 0 3 4 3 5 3 5 3 5 4 4 3 3 5 4 5 4 3 3 0 4 3 5
 3 4 5 5 5 3 3 3 3 3 3 3 3 3 5 3 5 0 4 5 3 3 5 5 3 5 3 3 4 5 3 4 5 0 3 5 3
 4 3 3 3 3 3 5 5 3 5 4 3 4 5 4 1 1 3 3 5 4 5 3 5 5 5 3 3 5 3 5 5 5 5 5 5 5
 4 3 3 3 4 3 4 3 4 4 3 3 3 5 3 3 5 5 3 4 3 3 5 4 5 5 4 5 3 5 3 3 1 5 3 4 5
 5 5 5 5 3 3 3 3 1 5 4 3 3 3 3 3 5 3 5 5 3 5 3 4 5 5 3 3 3 3 5 3 5 5 3 3 3
 4 3 5 5 5 3 5 5 4 5 3 5 3 5 3 3 5 3 3 5 5 5 0 3 3 3 1 4 5 5 3 5 5 5 3 3 5
 3 5 3 3 3 0 0 5 3 3 4 3 3 3 5 3 3 3 3 5 3 3 5 4 1 5 3 3 3 3 3 5 3 5 4 3 3
 4 5 3 5 5 1 3 3 5 3 1 5 3 3 5 3 5 3 5 5 4 5 3 5 3 4 3 3 3 5 5 4 3 3 5 3 5
 5]
m_0:0.000000000000000000e+00
0.000000000000000000e+00
0.000000000000000000e+00
0.000000000000000000e+00
k_0: 0.03
v_0: 7
S_0:2.100000000000000089e+00
2.100000000000000089e+00
2.100000000000000089e+00
2.100000000000000089e+00
