N: 1000
D: 5
K: 20

Seed: 1975318516
Iterations: 2
alpha: 1.0
time: 0.6938306999999999
BIC score: -4371.703997069455
log max posterior: 2876.627526432941
MAP assignments: [ 8  6  8  8  7  8  8 17  6  6  8 17 17 17  9  6  8  2 10  6  6 17  6  8
  6 17  8 17  6  6  8  4 10 17  6  8  6 17 10  8  5  8 10  8  6 17  6  8
 14  5  8 17  9  8 17  8  6  8  8  8  8  7 17 17  8  6  6  8 17 17  8  6
  8  6  8  6 18  6  8  6  6  6  6  8  5  8  0 17  8 17  6  8  5  6 16  9
  8 15  8  6  6  8 17 17  8 10  7  8 14  8 10  8  6  8  6  8  6  8  8 17
  5 16  6  8  1  8  6  8  9  6  6  8 10  8  8 16  8  6  6 17  6  1  8 10
  8  6  6  6 12  6  8  8 10  6 15  8  6  8  8 17 16  1  2 17 18  4  8  8
  6 12  6  6  8  8  8  6  8  8 10  2  6  6  8  6  6  6  6 10  8  8  8  8
  6  1  8  8  8  6  6 18  6 17  8  8  6 12  8  6 10  0  6  8  8  6 18  6
 16  6  8  6  8  6  3 19  2  6 14  6  8  6 13  6 16  6  6  6  5  6  6 18
 15  8  5 17  8  8 17  6 18  6 17  8 10  3  8 15 18  6  8  8  8  4  6  2
  6  3 17  5  6  5  8  6 17  0  6  8 17 10 14  8  6  3  6 18  7  6  8  8
  8  8  8  6 17  6 17 10  8  6 17  8  6 17  6  6  2  6  8  6  6 17 17 10
  6  7 17  0  6  6  8 17  8  8 17  6  6  6 17  8  8  6 18  6  8 17  8  6
  6 15 18  8 13 17 16  8  8 18  6  6  8  8 10  5  8  0 17  8  8  8  6  6
 17 17  8  8  6 17  8  6  8  6  8  8 13  8 17 17  2  7  6 17 18  6 17 17
  6 17  6  7  5  8  8  8 17  6 17 17  8 17  6  8  8  8  6  3  8  8 17 15
 17  6  6  8 17  8  6 17  8  8  6  8  8  8 17 17  8  6  8  6  2 18 17 17
  8  6  6  6  8  6  6  8 17  6  6  3  6 17  6  8  8  6  6 17  8  6  6  8
 13  6 17  8  6  6  6  8  2  6 16 17  8  2 17 17  8 17  8 17  8 17  8 16
 17  8  6  6  6  8  7 17 10 17 17  6  8 17  6  6 10 17  8  6 17  8  8  8
  8  8  6 17  8 13  8  8  6 17 17 18  8 17  6  6  5 17 14 17  2  8  6  8
  8 17 17 17  6  4  6  8  8  6  6  6 17  8 14  6 17  6 13  7  8  7 17  8
 17  8  8  5  3 18 15 17  8 17  8  5  8  6  6  6  8 17 17  8  8  8  2  6
  6 12  8  6  6  6  7 18 10  6  6  6  6  6 11  8  6  5  8 17 18  6  8  8
  8 13  6  6 17  6 17  7  8  8  6  6  8  8 17 17  8 17  6  8 17  6  8  8
 14  6 17 12  6 17 10  6 11 12  6 18 18 18  2 17  8  8  8  6  7  6  8 17
 17  6  8  8  2 17  6  8  6  2  8  8  8  6  8  2 17 18  8  6  8 16  8  8
 17  6 17  2  4  8  6 12  8  8  6  6  6 12  6  6 17 14 17  6  6  3  9  8
  8 16 17  6  8  8  8  9 10  6  8  6  6 14 17  8  8 18  8  6 18  8  8  8
  6 14  6  8 13 18  6  6  6  6  6 17  6  2 10  8 17 16  5  8 17 17  8 17
  6 17 10  8  6 17  8  8  8  8 17  6  5 17  8  8  8  8  6  8 17 18  8 17
 17 17  8  8 12 17 17  8  6  8  8  8  8 17  8  8  8  8  0  8 12  4 17 17
  8  8  8  8  6 15  6  6  6 17  6  9  8  8  6  6 17  8  6  8  6  6  8  3
  8  6 17  8  8 18 17  8 11 17 16  8  6 12 17 17  8 17  8  8  6 17  6  8
 13  6 17 15  8  8  8  8  6  6  6 17  6  2 17  9  8  6  8  8  6  8 16  6
  6  6  6 17 17 18  6 13  6  8 17  8 17  8 17 15 13  8  9  6 18 17  8  6
  8 17  8  6 17  6 17  6  8  6  8 17  8 17  8  6  6  6 17 16  8  8  6 18
  8  8  6  6 17  8  8 17  8  8  2  6  8  8  6  8  6  8  8  4  2 17  6 18
 17 10  8  6 17 17 17 16  6  6 17  6  6 17 17  6 17  8  6  8  6  6  8 17
 17  8  6 17 17  8  6  6  6 17  8 17  6 17  4  6 17 15 17  7  8 16  8  6
  7  6  8  8  6  6 17  8  6  6 18  8 17  7  6  6]
Last iteration assignments: [ 8  6  8  8  7  8  8 17  6  6  8 17 17 17  9  6  8  2 10  6  6 17  6  8
  6 17  8 17  6  6  8  4 10 17  6  8  6 17 10  8  5  8 10  8  6 17  6  8
 14  5  8 17  9  8 17  8  6  8  8  8  8  7 17 17  8  6  6  8 17 17  8  6
  8  6  8  6 18  6  8  6  6  6  6  8  5  8  0 17  8 17  6  8  5  6 16  9
  8 15  8  6  6  8 17 17  8 10  7  8 14  8 10  8  6  8  6  8  6  8  8 17
  5 16  6  8  1  8  6  8  9  6  6  8 10  8  8 16  8  6  6 17  6  1  8 10
  8  6  6  6 12  6  8  8 10  6 15  8  6  8  8 17 16  1  2 17 18  4  8  8
  6 12  6  6  8  8  8  6  8  8 10  2  6  6  8  6  6  6  6 10  8  8  8  8
  6  1  8  8  8  6  6 18  6 17  8  8  6 12  8  6 10  0  6  8  8  6 18  6
 16  6  8  6  8  6  3 19  2  6 14  6  8  6 13  6 16  6  6  6  5  6  6 18
 15  8  5 17  8  8 17  6 18  6 17  8 10  3  8 15 18  6  8  8  8  4  6  2
  6  3 17  5  6  5  8  6 17  0  6  8 17 10 14  8  6  3  6 18  7  6  8  8
  8  8  8  6 17  6 17 10  8  6 17  8  6 17  6  6  2  6  8  6  6 17 17 10
  6  7 17  0  6  6  8 17  8  8 17  6  6  6 17  8  8  6 18  6  8 17  8  6
  6 15 18  8 13 17 16  8  8 18  6  6  8  8 10  5  8  0 17  8  8  8  6  6
 17 17  8  8  6 17  8  6  8  6  8  8 13  8 17 17  2  7  6 17 18  6 17 17
  6 17  6  7  5  8  8  8 17  6 17 17  8 17  6  8  8  8  6  3  8  8 17 15
 17  6  6  8 17  8  6 17  8  8  6  8  8  8 17 17  8  6  8  6  2 18 17 17
  8  6  6  6  8  6  6  8 17  6  6  3  6 17  6  8  8  6  6 17  8  6  6  8
 13  6 17  8  6  6  6  8  2  6 16 17  8  2 17 17  8 17  8 17  8 17  8 16
 17  8  6  6  6  8  7 17 10 17 17  6  8 17  6  6 10 17  8  6 17  8  8  8
  8  8  6 17  8 13  8  8  6 17 17 18  8 17  6  6  5 17 14 17  2  8  6  8
  8 17 17 17  6  4  6  8  8  6  6  6 17  8 14  6 17  6 13  7  8  7 17  8
 17  8  8  5  3 18 15 17  8 17  8  5  8  6  6  6  8 17 17  8  8  8  2  6
  6 12  8  6  6  6  7 18 10  6  6  6  6  6 11  8  6  5  8 17 18  6  8  8
  8 13  6  6 17  6 17  7  8  8  6  6  8  8 17 17  8 17  6  8 17  6  8  8
 14  6 17 12  6 17 10  6 11 12  6 18 18 18  2 17  8  8  8  6  7  6  8 17
 17  6  8  8  2 17  6  8  6  2  8  8  8  6  8  2 17 18  8  6  8 16  8  8
 17  6 17  2  4  8  6 12  8  8  6  6  6 12  6  6 17 14 17  6  6  3  9  8
  8 16 17  6  8  8  8  9 10  6  8  6  6 14 17  8  8 18  8  6 18  8  8  8
  6 14  6  8 13 18  6  6  6  6  6 17  6  2 10  8 17 16  5  8 17 17  8 17
  6 17 10  8  6 17  8  8  8  8 17  6  5 17  8  8  8  8  6  8 17 18  8 17
 17 17  8  8 12 17 17  8  6  8  8  8  8 17  8  8  8  8  0  8 12  4 17 17
  8  8  8  8  6 15  6  6  6 17  6  9  8  8  6  6 17  8  6  8  6  6  8  3
  8  6 17  8  8 18 17  8 11 17 16  8  6 12 17 17  8 17  8  8  6 17  6  8
 13  6 17 15  8  8  8  8  6  6  6 17  6  2 17  9  8  6  8  8  6  8 16  6
  6  6  6 17 17 18  6 13  6  8 17  8 17  8 17 15 13  8  9  6 18 17  8  6
  8 17  8  6 17  6 17  6  8  6  8 17  8 17  8  6  6  6 17 16  8  8  6 18
  8  8  6  6 17  8  8 17  8  8  2  6  8  8  6  8  6  8  8  4  2 17  6 18
 17 10  8  6 17 17 17 16  6  6 17  6  6 17 17  6 17  8  6  8  6  6  8 17
 17  8  6 17 17  8  6  6  6 17  8 17  6 17  4  6 17 15 17  7  8 16  8  6
  7  6  8  8  6  6 17  8  6  6 18  8 17  7  6  6]
m_0:0.000000000000000000e+00
0.000000000000000000e+00
0.000000000000000000e+00
0.000000000000000000e+00
0.000000000000000000e+00
k_0: 0.03
v_0: 8
S_0:2.399999999999999911e+00
2.399999999999999911e+00
2.399999999999999911e+00
2.399999999999999911e+00
2.399999999999999911e+00
