N: 1000
K: 18

Seed: 521674245
Iterations: 10
alpha: 1.0
time: 2.4155949000000003
BIC score: -960.9600748991511
log max posterior: 1288.6874050904855
MAP assignments: [10  5 11 11 11  4  4 14  5  5  1 11 14 14  3  5  4  6  4  5  5 14  5 15
  5 14 14 14  5 13 14  4 14 14  5 14  5  6 14  9 12 14  1  4  5  6  5 11
 11 14  1  6  4 14 14  4  5  4 14 14 14  7 14  4  1  5  5  1 11 14  4  5
 14 13 14  5 11  5 14  5  5  5  5 11  6 14  6 14 14 14  7 15  4  5 14  3
  4 13 11  5  7 14 11 14  4 14 14  4 14 14  3 11 13  4  5  8  7  4 14 16
  4 14  5  1 14  1  5 14  3 13  5 14 11 14 11  6 15  5 13 11  5  3  9  3
 14  5  5  5  7  7  8  1 11  5 11  8  5  9 14 11  3 15 16 14 11 14  8 15
  5  0  5  3 11  4  4  5  2 11 14  6  5  5  4  5  5  5  5  6  0  4 14  4
  5 16  4 14 10  5  5  3  5 14  4 10  5  2  0  5 11  6  7  1  8  5 11 13
 14  5 11  7 11  5  9 11 11  7 11  5  8  5 14  7 14  5 13  7  6  5  5 11
 14 14  4  9 14  4 11  7  1  5 14  4 11  3 11  7 11  5 11  3  1  8  5 14
  5  7  4 11  5 14  6 13 11 14  5  8  6  6  3  4  5  7  5 11 13  5  8  4
  0  6 11  5 11  5  6  9  1  5  4  0  5 11  5  5 14  5  4  5 13  6  2 11
  5 13 14 14  5 13  1 14  4  4 14  5  7  5 14  4  4  5  3  5 11  0  4  3
  5 13  3 14  2  6  3  6 14  3  7 13 15 11  4  6 11 14 14  6 11  4  7  7
 14  6  1 14  5  6 14  5  9  5 11 14 14  1 11  4  6 14  5 14 14  5  9  4
  5 15  5  7 14  4  1 14 14  5  2  9  4 11  5 14  1 14 13  7  4  4  0  8
 14  3  5 11  6  4  5  6  2 14  3  1 14  0  6 14  4  7 14  5  3  3 11 15
 14  5  5 13  4  3  7  4  6  5  5  8  5  0  5 15  1  7  5 11  2  7  5  1
 14 13 14 14  5 13  5 11 11  5  8 14  4  7  9 14  0  4  4 14  2 11  1 10
 14  4  5  5  5 11 16  6 14 11  6  5  1  6  5 13 11  6  1  5 14  8 11 11
 14 11  5  4  4  3 14  9  5  6 11 11 14  9  5  7  4 14  9 14 14  4  5 14
  1 14 14  6 13 10  5 11  1  5  5  5 14  8 14  5  2  5 14  4 14  8 14  4
 14  4  1 14 11  3  7  6 14  6 15 14 14  5  5  7 14  4 14 14  1 14 14  5
  5  7  4  5  5  5  8  2 16  5  5  5  7  5  7 15  5 12  8 15  3  5 11  1
 14 11  5 13  6  5 14 11 14  4  5  5  4  8 14  0 14  0  5 14  2  5  9  4
  3  5 14  3  7  4 14 13  5  7  5  3  3 11 14 11 14 14  4  5 16  5  4 14
 14  5 14  4 14 14  5 14  5  3  4  4 15  5  1  7 14  1  1  7 11 14 11  1
  6  5  4 16 14  4  5 14 14  2  5  5  5  8 13  5 12  6 14  5  5  5  3 14
 11 11  0  5  4  0 14  3 14  5 15  5  5 16 14 11  1 11 14  5 14  4 14  9
  5  3  5 14  3 10  5  5  5  5  5 14 13 15  4 11 14 14  0  1 14  9  1  6
  5 14  3  4 13 14  1  9 15  4 14 13 14  0  9  8  1  1 13 14 14  3 14 14
 14 11  4  1 10 14 14  4  5 14  1 14 11 14  4  1 11 14 14  1  7 14 14 11
  4  1  4 11  5  7  5  5  7 14  5  3 11 11  5  5 14 14  5 14  7  5 14 10
  1  5  6  4  4  1  6 11 13 14 11  1  5 14 14 14 14  2 14  6  5  4  5  1
 14  5  6  3  4 14  8 15  5 13  5 14  5 14  6  3 15  5 11  3 13  9 11  5
 13  5  5  4 12 11  5  3  5 14 11 15  2 14  6  7  3 11  4  5  3 14 14  5
 11 14 11  5  6  7 14  7 14  5 14 14 14 14  4  5 13  5  4 14 14 14  5  3
 11  8  5  3  4 11  4 14 11 11 14  7 14 14  5  9 13  8  4 15 16  6  5 10
 14  4 14  5 14 14  0 14 13  5 15  7  5  4 14 13  4 14 13 14  5  5  0  9
 11  4  5 14 17 14  5  5  5 14  4 11  5 14  6  5 14 16 14 16  4 14 11  7
  7  5  1  1  5 13 14 14 13  7  3 14  4  7  5  5]
Last iteration assignments: [10  5 11 11 11  4  4 14  5  5  1 11 14 14  3  5  4  6  4  5  5 14  5 15
  5 14 14 14  5 13 14  4 14 14  5 14  5  6 14  9 12 14  1  4  5  6  5 11
 11 14  1  6  4 14 14  4  5  4 14 14 14  7 14  4  1  5  5  1 11 14  4  5
 14 13 14  5 11  5 14  5  5  5  5 11  6 14  6 14 14 14  7 15  4  5 14  3
  4 13 11  5  7 14 11 14  4 14 14  4 14 14  3 11 13  4  5  8  7  4 14 16
  4 14  5  1 14  1  5 14  3 13  5 14 11 14 11  6 15  5 13 11  5  3  9  3
 14  5  5  5  7  7  8  1 11  5 11  8  5  9 14 11  3 15 16 14 11 14  8 15
  5  0  5  3 11  4  4  5  2 11 14  6  5  5  4  5  5  5  5  6  0  4 14  4
  5 16  4 14 10  5  5  3  5 14  4 10  5  2  0  5 11  6  7  1  8  5 11 13
 14  5 11  7 11  5  9 11 11  7 11  5  8  5 14  7 14  5 13  7  6  5  5 11
 14 14  4  9 14  4 11  7  1  5 14  4 11  3 11  7 11  5 11  3  1  8  5 14
  5  7  4 11  5 14  6 13 11 14  5  8  6  6  3  4  5  7  5 11 13  5  8  4
  0  6 11  5 11  5  6  9  1  5  4  0  5 11  5  5 14  5  4  5 13  6  2 11
  5 13 14 14  5 13  1 14  4  4 14  5  7  5 14  4  4  5  3  5 11  0  4  3
  5 13  3 14  2  6  3  6 14  3  7 13 15 11  4  6 11 14 14  6 11  4  7  7
 14  6  1 14  5  6 14  5  9  5 11 14 14  1 11  4  6 14  5 14 14  5  9  4
  5 15  5  7 14  4  1 14 14  5  2  9  4 11  5 14  1 14 13  7  4  4  0  8
 14  3  5 11  6  4  5  6  2 14  3  1 14  0  6 14  4  7 14  5  3  3 11 15
 14  5  5 13  4  3  7  4  6  5  5  8  5  0  5 15  1  7  5 11  2  7  5  1
 14 13 14 14  5 13  5 11 11  5  8 14  4  7  9 14  0  4  4 14  2 11  1 10
 14  4  5  5  5 11 16  6 14 11  6  5  1  6  5 13 11  6  1  5 14  8 11 11
 14 11  5  4  4  3 14  9  5  6 11 11 14  9  5  7  4 14  9 14 14  4  5 14
  1 14 14  6 13 10  5 11  1  5  5  5 14  8 14  5  2  5 14  4 14  8 14  4
 14  4  1 14 11  3  7  6 14  6 15 14 14  5  5  7 14  4 14 14  1 14 14  5
  5  7  4  5  5  5  8  2 16  5  5  5  7  5  7 15  5 12  8 15  3  5 11  1
 14 11  5 13  6  5 14 11 14  4  5  5  4  8 14  0 14  0  5 14  2  5  9  4
  3  5 14  3  7  4 14 13  5  7  5  3  3 11 14 11 14 14  4  5 16  5  4 14
 14  5 14  4 14 14  5 14  5  3  4  4 15  5  1  7 14  1  1  7 11 14 11  1
  6  5  4 16 14  4  5 14 14  2  5  5  5  8 13  5 12  6 14  5  5  5  3 14
 11 11  0  5  4  0 14  3 14  5 15  5  5 16 14 11  1 11 14  5 14  4 14  9
  5  3  5 14  3 10  5  5  5  5  5 14 13 15  4 11 14 14  0  1 14  9  1  6
  5 14  3  4 13 14  1  9 15  4 14 13 14  0  9  8  1  1 13 14 14  3 14 14
 14 11  4  1 10 14 14  4  5 14  1 14 11 14  4  1 11 14 14  1  7 14 14 11
  4  1  4 11  5  7  5  5  7 14  5  3 11 11  5  5 14 14  5 14  7  5 14 10
  1  5  6  4  4  1  6 11 13 14 11  1  5 14 14 14 14  2 14  6  5  4  5  1
 14  5  6  3  4 14  8 15  5 13  5 14  5 14  6  3 15  5 11  3 13  9 11  5
 13  5  5  4 12 11  5  3  5 14 11 15  2 14  6  7  3 11  4  5  3 14 14  5
 11 14 11  5  6  7 14  7 14  5 14 14 14 14  4  5 13  5  4 14 14 14  5  3
 11  8  5  3  4 11  4 14 11 11 14  7 14 14  5  9 13  8  4 15 16  6  5 10
 14  4 14  5 14 14  0 14 13  5 15  7  5  4 14 13  4 14 13 14  5  5  0  9
 11  4  5 14 17 14  5  5  5 14  4 11  5 14  6  5 14 16 14 16  4 14 11  7
  7  5  1  1  5 13 14 14 13  7  3 14  4  7  5  5]
gamma:0.2